4.4347
3.5157
1.88155
0.894076
0.346245
5.13214
0.321479
8.46336
4.01539
2.31925
2.45675
0.415344
2.04498
0.985881
0.39916
0.518578
0.654148
2.91165
1.18543
1.20071
1.89492
0.363234
0.642542
3.45413
2.8823
0.969552
1.12516
1.95788
1.91118
1.33747
0.170634
0.934394
0.679443
1.43115
0.348036
0.98245
0.635421
1.11005
1.53041
3.50579
1.56975
1.5551
3.7313
3.98895
2.94897
0.73637
1.01312
2.04869
0.0156058
4.20604
1.36773
1.47801
1.12828
1.1888
0.406734
1.62001
1.80349
3.02446
0.0169176
0.714633
0.160503
1.92581
4.13608
0.846508
1.02352
0.523288
0.305011
2.6265
0.897441
0.795152
1.44067
2.02263
0.735487
0.653456
1.66294
0.172538
1.96066
0.122319
2.03323
0.727184
0.722207
3.19026
1.69758
0.987624
2.3801
2.80627
0.153636
3.68948
0.844503
0.490757
1.07979
1.30968
2.07592
0.587142
1.148
1.89355
2.74507
1.33121
6.31758
0.0741004
0.559701
2.19272
2.13262
0.890866
2.77276
0.24388
1.11488
3.52977
1.38368
3.44366
0.363005
0.535492
4.961
3.4794
1.38238
2.2565
0.80867
3.98258
0.369049
0.483622
1.16144
0.664839
2.11013
0.12372
1.76465
0.824767
2.58311
3.15783
0.517155
0.0121921
1.14537
0.697742
1.55152
4.58648
3.64468
1.35516
1.4582
3.23759
1.02872
1.46515
0.218885
0.911636
1.68896
1.58409
5.71533
0.492468
1.15748
0.174588
1.93024
0.185378
5.17679
0.342577
0.872273
3.84178
3.92624
2.89713
3.24661
1.14861
2.18444
4.89072
2.51838
0.652687
0.352515
2.96439
4.9963
1.95927
0.816749
1.87514
0.478969
0.363068
1.89452
0.240153
3.24962
1.75923
13.7719
0.713487
1.28361
1.79047
0.167922
1.21265
6.20626
2.3654
0.678253
1.86174
3.67889
5.30949
2.62965
0.224093
0.660824
0.506532
0.565279
2.11255
4.66754
1.60567
5.43619
1.10445
1.21239
0.041077
0.512265
2.72317
1.63558
2.99262
0.0565621
0.347564
0.797846
0.147001
1.58385
0.189969
3.94358
1.91297
0.487123
0.885933
1.19905
0.0687143
0.10043
4.32083
1.01224
0.337815
2.19411
0.140433
4.07996
3.52746
1.48029
0.668056
0.302944
5.81323
0.92394
3.76674
1.49491
1.9409
1.73117
0.454291
1.40491
0.336584
1.90597
8.47157
0.320126
4.62383
1.39925
2.56475
0.816398
2.63702
1.02793
2.37733
0.906171
1.3018
4.98331
5.67762
0.582073
