19.2068
7.52242
0.506208
1.58975
1.06658
4.28626
2.27339
1.04092
2.79692
1.31623
5.06747
0.589903
3.87897
4.39661
2.67787
6.00406
6.77502
4.29894
4.94157
4.36847
1.82616
0.942661
1.3594
0.910024
3.4601
11.5453
0.327195
1.23134
4.02912
2.9578
0.790368
2.00364
0.540277
5.2164
1.65445
3.16852
1.39133
0.801805
0.4162
0.533826
4.1784
0.228813
2.26663
0.566791
1.00778
2.79212
7.16636
3.32461
4.97044
12.1596
3.17922
4.17189
2.17853
1.30963
1.13102
1.51753
3.21284
9.03736
1.30438
1.59304
0.30269
7.18189
5.51201
2.56252
1.79786
6.78955
1.64855
3.22429
3.23784
9.91853
3.49649
5.95058
1.92344
1.11917
0.328372
2.60045
1.74492
2.60421
1.0621
1.18557
4.2961
5.15371
1.00117
2.53885
1.47855
4.33863
0.0478629
3.38291
0.272273
0.625494
2.94712
1.68887
1.65922
4.77626
1.49931
1.36891
7.34344
3.38533
2.373
3.13002
2.05008
5.04335
1.17815
1.76751
1.12282
2.82762
1.48809
2.9348
1.06843
1.10333
3.39091
3.90864
3.01113
3.34464
0.849772
1.16603
0.67654
2.76302
2.06744
3.42888
5.48092
7.15734
1.28585
4.19036
3.98757
3.0484
0.025648
2.99276
0.970177
4.72635
1.37099
0.0644476
4.76191
1.09625
1.14935
5.04013
5.8921
4.23788
5.93811
2.4549
4.79112
3.57088
1.59893
0.208216
4.34657
0.577742
0.361971
2.4583
4.07835
0.353704
6.21504
0.971007
7.33295
1.11413
2.12795
1.29046
1.91223
1.89366
2.83757
1.89008
2.96218
4.21468
2.88181
0.255341
4.42252
2.19076
2.47131
5.25835
7.49591
1.75267
0.853665
1.67421
3.97903
1.27752
5.18097
1.57284
2.45444
1.91443
6.61898
1.93202
0.955051
4.08624
1.3537
0.849361
2.12964
3.63905
0.40226
1.93126
1.14024
6.45052
0.339745
10.8022
3.73224
0.914325
1.25545
0.802617
1.95336
1.7899
5.0352
2.30724
2.76217
1.71947
7.53056
8.70876
0.164181
1.25816
2.43353
2.23288
1.07198
0.568761
8.92326
2.25901
0.90968
3.32618
4.56604
2.02814
5.59826
1.36413
2.38822
6.08071
1.87125
7.11075
4.05081
2.67156
2.30863
4.44027
1.69637
5.12777
3.16266
0.534123
0.078378
0.562836
0.430514
7.78015
6.46782
0.575906
2.72054
0.229655
1.85703
1.05945
2.72818
8.84103
0.174601
6.89451
3.94122
2.64927
6.20879
1.79497
2.54366
